6.200000000000001
0,99,193,143,3,31,126
0,157,14,64,77,9,21,40,153
0,110,113,30,118,188
0,59,150,132,184,87,33,189,49,2,22
0,163,166,88,38,86,101,52,171
0,116,155,5,84,39,197,161,67
0,91,12,46,74,176,45,167
0,187,159,145,48,164,85,177,127
0,15,198,16,111,55,131,43,8,65,44
0,135,73,82,57,90,100
0,25,51,183,125
0,144,7,68,199,62,105,95,23
0,96,80,69,141,117,106,139,154
0,178,41,190,76,152,119,138,147,98
0,140,56,103,107,78,181,148
0,20,196,10,79,158,1,160,29
0,173,13,89,128,61,121,156,71,108
0,19,109,70,92,185,50
0,168,102,54,42,122,97,47
0,130,182,179,123,34,149,28,142,66
0,174,37,17,134,133
0,137,169,192,72,136,4,26,35
0,63,18,115,114,151,186,58
0,75,180
0,191,200,32,112,194,27
