6.36904761904762
0,15,8,120,94,65,177,85,34,123,179,44
0,178,76,160,1,158,79,10,196
0,75,174,37,17,19,140
0,157,9,59,21,40,64,14,133,134
0,164,16,24,93,111,131,55,43
0,166,35,26,136,50,185,92
0,70,138,41,190,29,175,128,89,98,147
0,118,30,113,12,110,91,130,180
0,77,184,87,33,189,49,2,195,155
0,188,28,149,127,142,66,53,159,187
0,63,18,114,171,101,86,38,88,83,52,47,80
0,197,39,84,5,161,129,67
0,172,144,176,96,45,170,167,115
0,153,116,146,22,60,112,143,193
0,7,105,62,199,68,95,23,165,182
0,25,51,104,183,125
0,56,103,107,78,181,148,13,11
0,99,31,173,156,71,3,108,61,121
0,126,100,90,109,57,82
0,69,168,102,122,97,42,54
0,154,117,141,106,139,74,46
0,150,6,81,132,124,198,145,48
0,20,119,4,72,192,137,169,152
0,135,73,186,151,163,58,162
0,36,191,200,32,194,27
